# Created by Octave 4.0.2, Wed Dec 21 18:52:12 2016 IST <bharath17@bharath>
# name: datadetected
# type: matrix
# rows: 1
# columns: 1000
 0 0 1 0 0 1 1 0 0 0 0 1 1 1 1 1 1 0 1 1 1 1 1 0 0 0 0 1 1 1 0 0 1 1 1 1 0 1 1 0 0 0 1 1 1 1 1 0 0 0 0 1 1 0 1 0 0 0 1 0 0 0 1 0 1 1 0 0 1 1 1 1 0 1 1 0 1 1 1 0 1 1 1 0 0 0 1 0 1 1 0 0 1 1 0 1 0 1 0 1 0 1 0 1 1 1 1 0 1 1 1 1 0 1 0 1 1 0 0 1 1 1 1 1 1 1 1 1 1 1 0 0 0 1 0 0 0 1 0 0 1 1 1 0 0 0 1 1 1 1 0 1 1 1 1 1 0 0 1 1 0 1 1 1 1 0 0 0 1 1 1 1 0 1 0 1 0 1 1 1 1 1 0 1 1 1 1 1 1 0 1 1 0 0 1 1 0 1 0 0 0 1 1 0 1 1 0 0 0 0 1 0 0 1 1 1 1 1 0 1 1 0 0 1 1 1 0 0 1 0 1 1 0 1 0 1 1 1 1 1 0 0 0 1 0 1 0 1 0 1 0 1 1 1 1 1 1 0 1 0 0 1 0 1 1 0 1 1 0 1 1 0 1 1 0 1 0 1 0 1 1 0 1 1 1 1 0 1 0 0 0 1 0 1 0 0 0 0 0 1 1 1 1 0 1 1 1 1 0 0 0 1 1 0 1 1 1 1 1 0 0 0 0 1 1 1 0 1 0 1 1 1 1 0 0 1 1 1 0 1 0 1 0 0 1 1 1 1 0 1 0 1 0 0 1 1 1 0 1 1 1 1 1 1 0 0 1 0 1 0 1 1 1 1 1 1 0 0 0 1 1 0 1 1 0 1 0 1 0 0 0 1 1 1 1 0 1 1 1 1 1 0 0 1 0 1 1 1 1 0 0 1 1 0 1 0 0 1 0 1 1 1 1 0 0 1 0 0 0 0 1 0 0 0 0 1 0 0 1 0 1 1 1 1 0 1 1 0 1 1 1 1 1 0 1 0 0 0 1 1 1 0 0 1 0 1 1 0 1 1 0 1 0 0 1 0 1 0 0 0 1 1 1 1 0 0 0 0 1 0 1 0 0 0 1 1 1 1 0 0 1 0 1 1 0 1 0 0 0 1 1 1 0 1 1 0 0 0 1 0 0 1 1 1 0 0 0 0 1 1 1 1 0 0 1 0 1 1 1 1 1 0 0 1 0 0 0 0 0 1 0 1 1 0 0 0 1 1 0 1 1 1 1 0 0 0 0 1 1 1 1 0 0 1 1 1 1 1 1 1 0 0 0 1 0 0 0 1 0 0 1 1 0 0 0 1 0 0 0 0 1 0 1 1 0 0 1 1 0 1 1 1 1 0 0 1 0 1 1 0 1 0 1 1 1 0 1 1 0 1 1 0 1 1 0 1 0 0 1 1 1 1 1 1 0 1 0 1 0 1 1 1 1 1 0 1 0 0 1 0 1 1 0 1 1 0 1 1 1 0 1 1 1 1 1 1 0 1 1 1 0 1 0 1 1 0 0 1 1 1 1 0 0 1 1 0 1 1 0 0 0 0 0 0 1 1 1 1 1 0 0 1 0 0 0 1 1 0 0 1 1 0 1 0 1 1 0 1 1 1 1 1 1 0 1 0 1 0 1 1 0 0 1 1 0 1 0 1 1 0 0 1 0 1 1 0 0 0 1 0 1 1 1 1 1 1 0 0 0 1 1 0 1 0 0 0 1 0 1 1 0 1 1 1 1 0 0 0 0 1 0 1 0 0 1 1 1 1 0 0 1 1 1 1 1 0 1 1 1 1 0 1 0 1 1 1 1 1 1 1 0 0 0 1 0 0 1 1 1 1 1 1 0 1 1 1 1 0 0 1 0 0 1 1 0 0 1 1 0 0 1 0 0 1 1 0 0 1 1 0 1 1 0 1 0 0 1 0 0 0 0 1 1 0 1 0 1 0 0 1 1 1 1 0 0 0 1 0 1 1 1 1 1 1 0 1 1 1 0 1 1 1 0 0 1 1 0 1 0 0 1 0 1 1 0 0 0 1 1 1 0 1 0 1 0 1 0 1 1 1 1 1 1 1 1 1 1 0 0 1 1 0 0 1 0 1 0 1 1 1 1 1 1 1 1 1 1 0 1 1 0 0 0 0 0 0 1 1 1 0 1 1 1 1 1 1 1 1 1 1 1 1 0 1 0 1 0 0 0 1 0 1 0 1 0 1 0 1 1 0


