# Created by Octave 4.0.2, Fri Dec 16 10:11:59 2016 IST <bharath17@bharath>
# name: datatx
# type: matrix
# rows: 1000
# columns: 1
 0
 0
 0
 0
 1
 0
 1
 1
 0
 0
 1
 1
 1
 1
 1
 1
 1
 0
 1
 1
 1
 0
 1
 0
 1
 0
 0
 1
 0
 1
 0
 1
 1
 1
 1
 1
 0
 1
 1
 1
 0
 1
 1
 1
 1
 1
 1
 1
 0
 0
 0
 0
 1
 1
 1
 0
 0
 1
 1
 0
 1
 0
 1
 1
 1
 0
 0
 0
 1
 1
 1
 1
 1
 1
 1
 0
 1
 1
 1
 1
 1
 1
 0
 0
 1
 0
 1
 0
 1
 1
 1
 0
 0
 1
 0
 1
 0
 1
 0
 0
 0
 1
 1
 1
 1
 0
 1
 1
 1
 1
 1
 1
 0
 1
 0
 1
 0
 0
 1
 1
 1
 1
 1
 1
 0
 0
 1
 1
 1
 1
 0
 1
 1
 1
 0
 0
 0
 1
 0
 0
 1
 1
 1
 1
 0
 0
 0
 1
 1
 1
 1
 1
 1
 1
 1
 1
 1
 1
 1
 0
 0
 1
 1
 1
 1
 0
 0
 1
 1
 1
 1
 1
 0
 1
 0
 0
 1
 1
 0
 1
 0
 0
 0
 1
 1
 1
 1
 1
 1
 1
 1
 1
 1
 1
 1
 1
 1
 1
 0
 1
 1
 1
 1
 0
 1
 0
 1
 1
 0
 0
 1
 0
 0
 1
 1
 1
 1
 1
 1
 1
 1
 1
 1
 1
 1
 1
 1
 1
 1
 0
 1
 1
 0
 0
 0
 1
 1
 1
 0
 1
 1
 0
 0
 1
 0
 1
 0
 0
 0
 1
 0
 1
 1
 1
 1
 1
 1
 1
 1
 1
 0
 1
 0
 1
 1
 1
 1
 1
 0
 1
 0
 0
 1
 1
 1
 1
 0
 1
 0
 1
 1
 1
 1
 1
 1
 0
 0
 1
 1
 0
 0
 1
 0
 1
 0
 0
 0
 1
 0
 0
 1
 1
 1
 0
 1
 1
 1
 1
 1
 1
 0
 1
 1
 0
 1
 0
 1
 0
 0
 0
 1
 0
 0
 1
 1
 1
 0
 0
 0
 1
 0
 1
 1
 0
 0
 0
 1
 1
 0
 1
 1
 1
 0
 0
 1
 1
 1
 1
 1
 1
 0
 1
 0
 0
 1
 1
 1
 1
 1
 0
 1
 0
 1
 1
 0
 1
 1
 0
 1
 0
 1
 1
 1
 1
 1
 1
 0
 0
 1
 1
 1
 1
 1
 1
 0
 1
 1
 1
 1
 0
 0
 1
 1
 0
 1
 0
 1
 1
 1
 1
 1
 1
 1
 1
 1
 1
 1
 0
 1
 1
 0
 0
 1
 0
 1
 0
 0
 1
 0
 1
 1
 1
 1
 0
 1
 1
 1
 0
 1
 1
 1
 0
 0
 0
 0
 1
 0
 1
 1
 0
 1
 0
 0
 1
 1
 1
 1
 0
 0
 1
 1
 1
 1
 1
 1
 1
 1
 0
 1
 0
 1
 0
 1
 1
 1
 1
 1
 0
 1
 1
 0
 1
 0
 1
 0
 0
 1
 1
 0
 0
 1
 1
 1
 0
 1
 0
 0
 0
 1
 0
 1
 1
 0
 1
 1
 1
 1
 1
 0
 1
 1
 0
 0
 1
 0
 1
 0
 1
 1
 1
 1
 1
 0
 1
 1
 1
 0
 1
 1
 0
 0
 1
 1
 0
 0
 0
 0
 1
 0
 1
 1
 1
 0
 0
 1
 0
 1
 1
 1
 1
 1
 0
 1
 1
 1
 0
 0
 0
 0
 1
 0
 1
 1
 0
 0
 0
 1
 1
 0
 1
 1
 0
 1
 0
 1
 0
 1
 1
 1
 0
 1
 1
 0
 1
 1
 1
 1
 1
 0
 1
 0
 1
 1
 1
 0
 0
 1
 1
 0
 1
 1
 1
 1
 0
 0
 0
 1
 1
 1
 1
 1
 1
 1
 1
 0
 1
 1
 0
 0
 1
 1
 1
 1
 0
 0
 1
 0
 0
 1
 0
 0
 0
 1
 1
 1
 1
 1
 1
 0
 0
 1
 0
 1
 1
 0
 1
 0
 1
 1
 1
 0
 1
 1
 1
 0
 1
 0
 1
 1
 1
 1
 1
 1
 1
 1
 1
 1
 0
 1
 0
 1
 1
 0
 1
 1
 1
 1
 1
 1
 0
 1
 1
 1
 1
 1
 1
 0
 1
 1
 1
 0
 1
 0
 1
 1
 1
 0
 1
 1
 1
 1
 0
 0
 0
 1
 0
 1
 1
 0
 1
 1
 1
 0
 1
 1
 1
 1
 1
 1
 0
 0
 0
 1
 0
 0
 1
 1
 1
 0
 1
 1
 1
 1
 0
 1
 1
 0
 1
 1
 1
 1
 1
 1
 0
 1
 0
 1
 0
 1
 1
 0
 0
 1
 0
 0
 1
 0
 1
 1
 1
 0
 1
 0
 1
 1
 0
 0
 0
 1
 0
 1
 1
 1
 0
 1
 1
 1
 0
 0
 1
 1
 1
 1
 0
 0
 0
 1
 1
 1
 1
 0
 1
 1
 1
 1
 0
 1
 0
 0
 1
 0
 1
 1
 1
 1
 1
 1
 1
 1
 0
 0
 0
 1
 1
 1
 0
 0
 1
 1
 1
 1
 0
 0
 1
 1
 1
 0
 1
 0
 1
 0
 1
 0
 1
 1
 0
 1
 1
 1
 0
 0
 1
 1
 1
 1
 1
 0
 0
 0
 1
 0
 0
 1
 1
 0
 1
 1
 0
 0
 1
 1
 1
 0
 1
 1
 0
 0
 1
 1
 1
 1
 1
 0
 1
 1
 0
 1
 0
 1
 0
 0
 1
 1
 0
 1
 1
 1
 0
 0
 1
 1
 1
 1
 0
 1
 0
 1
 0
 1
 1
 1
 1
 1
 1
 0
 1
 1
 1
 1
 1
 1
 1
 1
 1
 1
 1
 1
 1
 0
 0
 0
 0
 1
 1
 0
 0
 0
 1
 1
 1
 1
 1
 0
 1
 0
 1
 0
 1
 1
 1
 0
 1
 1
 1
 1
 1
 1
 0
 1
 1
 1
 1
 0
 1
 1
 1
 0
 1
 1
 1
 1
 1
 1
 0
 1
 1
 1
 0
 1
 1
 0
 0
 0
 0
 0
 0
 1
 1
 1
 1
 0
 0
 1
 1
 0
 1
 1
 1
 1
 1
 1
 1
 1
 1
 0
 1
 0
 0
 0
 1
 0
 1
 0
 1
 1
 1
 0
 1
 1
 0


